{
  "distances": [
    [0, 29, 20, 21, 16, 31, 100, 12, 14, 8],
    [29, 0, 15, 29, 28, 40, 72, 21, 18, 19],
    [20, 15, 0, 15, 14, 32, 92, 25, 13, 29],
    [21, 29, 15, 0, 4, 21, 80, 30, 17, 14],
    [16, 28, 14, 4, 0, 16, 95, 20, 15, 22],
    [31, 40, 32, 21, 16, 0, 36, 75, 45, 17],
    [100, 72, 92, 80, 95, 36, 0, 35, 57, 16],
    [12, 21, 25, 30, 20, 75, 35, 0, 42, 22],
    [14, 18, 13, 17, 15, 45, 57, 42, 0, 28],
    [8, 19, 29, 14, 22, 17, 16, 22, 28, 0]
  ],
  "cities": ["A", "B", "C", "D", "E", "F", "G", "H", "I", "J"],
  "optimal_path": ["A", "H", "B", "C", "I", "D", "E", "F", "G", "J", "A"],
  "optimal_distance": 158
}