{
  "distances": [
    [0, 10, 15, 20, 25, 30, 35, 40, 45, 50, 55, 60, 65],
    [10, 0, 35, 25, 30, 20, 45, 32, 47, 52, 48, 40, 55],
    [15, 35, 0, 30, 20, 25, 22, 38, 53, 58, 43, 30, 45],
    [20, 25, 30, 0, 10, 15, 30, 28, 43, 48, 33, 25, 40],
    [25, 30, 20, 10, 0, 35, 25, 31, 46, 41, 36, 30, 20],
    [30, 20, 25, 15, 35, 0, 32, 27, 42, 37, 42, 35, 25],
    [35, 45, 22, 30, 25, 32, 0, 18, 33, 38, 23, 20, 35],
    [40, 32, 38, 28, 31, 27, 18, 0, 15, 20, 15, 25, 30],
    [45, 47, 53, 43, 46, 42, 33, 15, 0, 5, 20, 35, 25],
    [50, 52, 58, 48, 41, 37, 38, 20, 5, 0, 15, 30, 20],
    [55, 48, 43, 33, 36, 42, 23, 15, 20, 15, 0, 18, 23],
    [60, 40, 30, 25, 30, 35, 20, 25, 35, 30, 18, 0, 15],
    [65, 55, 45, 40, 20, 25, 35, 30, 25, 20, 23, 15, 0]
  ],
  "cities": ["A", "B", "C", "D", "E", "F", "G", "H", "I", "J", "K", "L", "M"],
  "optimal_path": ["A", "B", "F", "D", "E", "M", "L", "K", "J", "I", "H", "G", "C", "A"],
  "optimal_distance": 198
}