{
  "distances": [
    [0, 29, 20, 21, 16, 31, 100, 12, 4, 31, 18, 23, 18, 19, 94],
    [29, 0, 15, 29, 28, 40, 72, 21, 29, 41, 12, 37, 22, 23, 72],
    [20, 15, 0, 15, 14, 25, 81, 9, 23, 27, 13, 26, 13, 14, 83],
    [21, 29, 15, 0, 4, 12, 92, 12, 25, 13, 25, 13, 25, 20, 90],
    [16, 28, 14, 4, 0, 16, 94, 9, 20, 16, 22, 22, 25, 25, 95],
    [31, 40, 25, 12, 16, 0, 95, 24, 36, 3, 37, 29, 40, 35, 81],
    [100, 72, 81, 92, 94, 95, 0, 90, 101, 99, 84, 78, 89, 90, 12],
    [12, 21, 9, 12, 9, 24, 90, 0, 15, 25, 13, 37, 11, 9, 13],
    [4, 29, 23, 25, 20, 36, 101, 15, 0, 35, 18, 41, 26, 16, 72],
    [31, 41, 27, 13, 16, 3, 99, 25, 35, 0, 38, 30, 41, 36, 78],
    [18, 12, 13, 25, 22, 37, 84, 13, 18, 38, 0, 25, 10, 9, 92],
    [23, 37, 26, 13, 22, 29, 78, 37, 41, 30, 25, 0, 15, 14, 99],
    [18, 22, 13, 25, 25, 40, 89, 11, 26, 41, 10, 15, 0, 5, 82],
    [19, 23, 14, 20, 25, 35, 90, 9, 16, 36, 9, 14, 5, 0, 91],
    [94, 72, 83, 90, 95, 81, 12, 13, 72, 78, 92, 99, 82, 91, 0]
  ],
  "cities": ["A", "B", "C", "D", "E", "F", "G", "H", "I", "J", "K", "L", "M", "N", "O"],
  "optimal_path": ["A", "I", "N", "M", "L", "D", "F", "J", "E", "C", "K", "B", "G", "O", "H", "A"],
  "optimal_distance": 232
}