{
  "distances": [
    [0, 29, 20, 21, 16, 31, 100],
    [29, 0, 15, 29, 28, 40, 72],
    [20, 15, 0, 15, 14, 32, 92],
    [21, 29, 15, 0, 4, 21, 80],
    [16, 28, 14, 4, 0, 16, 95],
    [31, 40, 32, 21, 16, 0, 36],
    [100, 72, 92, 80, 95, 36, 0]
  ],
  "cities": ["A", "B", "C", "D", "E", "F", "G"],
  "optimal_path": ["A", "E", "D", "F", "G", "B", "C", "A"],
  "optimal_distance": 184
}
