{
  "distances": [
    [0, 29, 20, 21, 16, 31, 100, 12],
    [29, 0, 15, 29, 28, 40, 72, 21],
    [20, 15, 0, 15, 14, 32, 92, 25],
    [21, 29, 15, 0, 4, 21, 80, 30],
    [16, 28, 14, 4, 0, 16, 95, 20],
    [31, 40, 32, 21, 16, 0, 36, 75],
    [100, 72, 92, 80, 95, 36, 0, 35],
    [12, 21, 25, 30, 20, 75, 35, 0]
  ],
  "cities": ["A", "B", "C", "D", "E", "F", "G", "H"],
  "optimal_path": ["A", "B", "C", "D", "E", "F", "G", "H","A"],
  "optimal_distance": 162
}